11480589728366245335
16491453235123097133
17013930901927521280
13135880694679863113
17150395938431846887
6930829010226315553
8980416107378411922
16461882851121618553
15104740055768413761
13014188054616811087
8565680754720984814
11402209497712467606
1812490834603744970
12372624424297057713
16016012568963531880
4397321742986252204
2367107283716336634
5124090534232040168
10922740366788571526
9792599085762118770
2042110293839898291
11215596210831104453
14177616710824280287
394636244380099174
12642200392978082326
8156768579949974239
8163857652650062283
9054252303495422550
12678855510820448270
7172396102303228495
2886481343870896123
18233336403747672091
18259350779232711128
2530685290248487501
3358590123567458884
7414269924304686967
796797222649917099
4027963574497584896
10408215389366434408
15561115953406762927
12998203272406125338
14037117972241371511
7579167349070500325
777898569052285472
11029659962421931605
15075624540996843893
1867581922862547908
1923692027895304602
4112135990664159583
10807819169024739131
11038327941505600895
8738775966051377472
18427240601519484391
13028389787123896529
1109205410353079552
7980826603629284186
3713954801434267278
15050412111169234543
16523175550110599800
6665025775252365783
11607076696588339676
13887370941784342773
12053368702494554132
9588888638101361403
17401838129896864451
12862646956245789460
4652900025298554430
4929060452518407106
4732894914143284273
4315387484071177648
8690821935915227979
1194400078848031848
16892666493670904997
5512310183197355030
13457794097070245139
13132493027515906333
6406241033112341385
17827859349452260033
17433770685047066181
13328174242354465460
9217528556335376211
521393363493737928
12997225007680282322
13595008050836314054
13819048761614089370
13188468363321586173
9122001261520517017
12666810092983159686
687132903105624779
11257649497517517948
72056494543077120
72056494543077120
72056494543077120
72056494543077120
72056494543077120
72056494543077120
0
18446744073709551615
0
18446744073709551615
0
18446744073709551615
11068046444225730969
7378697629483820646
11068046444225730969
7378697629483820646
11068046444225730969
7378697629483820646
4378410071969971395
14068334001739580220
4378410071969971395
14068334001739580220
4378410071969971395
14068334001739580220
3689517699727897395
3689517699727897395
3689517699727897395
3689517699727897395
3689517699727897395
3689517699727897395
14106184687260844995
14106184687260844995
14106184687260844995
14106184687260844995
14106184687260844995
14106184687260844995
12273903644374837845
6172840429334713770
12273903644374837845
6172840429334713770
12273903644374837845
6172840429334713770
10850976254414711145
7595767819294840470
10850976254414711145
7595767819294840470
10850976254414711145
7595767819294840470
7608433999976240745
7608433999976240745
7608433999976240745
7608433999976240745
7608433999976240745
7608433999976240745
12297829381041378645
6148914692668172970
12297829381041378645
6148914692668172970
12297829381041378645
6148914692668172970
6531726500807662245
6531726500807662245
6531726500807662245
6531726500807662245
6531726500807662245
6531726500807662245
71777218556133120
71777218556133120
71777218556133120
71777218556133120
71777218556133120
71777218556133120
4340559384174969795
4340559384174969795
4340559384174969795
4340559384174969795
4340559384174969795
4340559384174969795
6510615556690126245
6510615556690126245
6510615556690126245
6510615556690126245
6510615556690126245
6510615556690126245
11914935431652334245
6531808642057217370
11914935431652334245
6531808642057217370
11914935431652334245
6531808642057217370
18374966859414961920
71777214294589695
18374966859414961920
71777214294589695
18374966859414961920
71777214294589695
7608384715226507670
10838359358483043945
7608384715226507670
10838359358483043945
7608384715226507670
10838359358483043945
72056494543077120
72056494543077120
72056494543077120
72056494543077120
72056494543077120
72056494543077120
18374687579166474495
72056494543077120
18374687579166474495
72056494543077120
18374687579166474495
72056494543077120
6510698340921550245
6510698340921550245
6510698340921550245
6510698340921550245
6510698340921550245
6510698340921550245
11067990149230401945
7378753924479149670
11067990149230401945
7378753924479149670
11067990149230401945
7378753924479149670
17298308641235931120
17298308641235931120
17298308641235931120
17298308641235931120
17298308641235931120
17298308641235931120
11067990149230401945
11067990149230401945
11067990149230401945
11067990149230401945
11067990149230401945
11067990149230401945
18374966859414961920
18374966859414961920
18374966859414961920
18374966859414961920
18374966859414961920
18374966859414961920
11936128517019425370
6510615556690126245
11936128517019425370
6510615556690126245
11936128517019425370
6510615556690126245
10838310072981296745
7608434000728254870
10838310072981296745
7608434000728254870
10838310072981296745
7608434000728254870
6149008516228732245
6149008516228732245
6149008516228732245
6149008516228732245
6149008516228732245
6149008516228732245
18446462603027742720
18446462603027742720
18446462603027742720
18446462603027742720
18446462603027742720
18446462603027742720
1085350949055099120
1085350949055099120
1085350949055099120
1085350949055099120
1085350949055099120
1085350949055099120
0
18446744073709551615
0
18446744073709551615
0
18446744073709551615
7378753923620182425
7378753923620182425
7378753923620182425
7378753923620182425
7378753923620182425
7378753923620182425
