3732415145875590195
3732415145875590195
3732415145875590195
3732415145875590195
3732415145875590195
3732415145875590195
14106184687260844995
14106184687260844995
14106184687260844995
14106184687260844995
14106184687260844995
14106184687260844995
14106184689534581820
4340559384174969795
14106184689534581820
4340559384174969795
14106184689534581820
4340559384174969795
3732582714024604620
3732582714024604620
3732582714024604620
3732582714024604620
3732582714024604620
3732582714024604620
10851025925711500950
10851025925711500950
10851025925711500950
10851025925711500950
10851025925711500950
10851025925711500950
3689517699727897395
3689517699727897395
3689517699727897395
3689517699727897395
3689517699727897395
3689517699727897395
6148914691236517205
6148914691236517205
6148914691236517205
6148914691236517205
6148914691236517205
6148914691236517205
1148435428713435120
17298308644996116495
1148435428713435120
17298308644996116495
1148435428713435120
17298308644996116495
281474976645120
281474976645120
281474976645120
281474976645120
281474976645120
281474976645120
11936045732788001370
11936045732788001370
11936045732788001370
11936045732788001370
11936045732788001370
11936045732788001370
1085102592571150095
17361641481138401520
1085102592571150095
17361641481138401520
1085102592571150095
17361641481138401520
6531726502061057370
11915017571648494245
6531726502061057370
11915017571648494245
6531726502061057370
11915017571648494245
1148435432473620495
1148435432473620495
1148435432473620495
1148435432473620495
1148435432473620495
1148435432473620495
12297829381041378645
6148914692668172970
12297829381041378645
6148914692668172970
12297829381041378645
6148914692668172970
11914935431652334245
6531808642057217370
11914935431652334245
6531808642057217370
11914935431652334245
6531808642057217370
5488902335660300403
10905211542528307975
10965045842477029523
3653097455757558256
12333114308488103763
7807843327850351738
13558017540276616148
5052476543647535219
2524974418896969785
2699102814004787991
15664723753093332428
8586175380057753034
4202552304366514578
9926902019503595489
6172889265092789829
7942440075675715340
2521046765047363204
3534180192093917377
18266119417871819401
8376813017036104444
12393070266290999170
13593146356003132729
4754118268620482954
11440075547249990750
9630608087619603111
6116987695185792062
6939688288788462771
7983262189466374606
15367114129442292050
9584885998591252461
9903111707303443850
9240604844873431054
1722240043142476037
12037304118962711080
7540033276058220600
10339686330807477867
14698905488693629524
2178699737328195615
18000392916251871211
16096058752379373579
15638568792850951188
311776431086994047
15693270606798699116
9959018740670895537
18201583420557395942
9760197829792394753
2151145375252956095
6836720568064525949
3665617284756945216
9901349561983667717
12177449943112927702
5237250594535975647
3334485391634056469
11382647754354661757
7541349329176344382
1076150446108403741
7811505086406885670
2487949454878829024
6044376506766114733
2512903019304268340
9151532999757027033
826778707630085996
4724034231873543513
438007881612811789
17792609724842833165
18072087878020370972
10655585022041935006
5300215412610184347
3590591342465401347
18048247660101856789
17386585973553327096
1830420459359796638
5725974708068931035
17931708934575371337
12211343661474468580
15574782134191011355
6309676108132324903
17101511178750376651
10288679788698293250
14005514599904804619
3310485154917098726
11209044910040167358
3376379483895338092
9787509435336552994
9073965088425522232
14222657257556573057
4314687489647048271
8909267732673202284
13316689379807456156
251805341933460445
18374966859414961920
71777214294589695
18374966859414961920
71777214294589695
18374966859414961920
71777214294589695
7608384715226507670
10838359358483043945
7608384715226507670
10838359358483043945
7608384715226507670
10838359358483043945
72056494543077120
72056494543077120
72056494543077120
72056494543077120
72056494543077120
72056494543077120
18374687579166474495
72056494543077120
18374687579166474495
72056494543077120
18374687579166474495
72056494543077120
6510698340921550245
6510698340921550245
6510698340921550245
6510698340921550245
6510698340921550245
6510698340921550245
11067990149230401945
7378753924479149670
11067990149230401945
7378753924479149670
11067990149230401945
7378753924479149670
17298308641235931120
17298308641235931120
17298308641235931120
17298308641235931120
17298308641235931120
17298308641235931120
11067990149230401945
11067990149230401945
11067990149230401945
11067990149230401945
11067990149230401945
11067990149230401945
18374966859414961920
18374966859414961920
18374966859414961920
18374966859414961920
18374966859414961920
18374966859414961920
11936128517019425370
6510615556690126245
11936128517019425370
6510615556690126245
11936128517019425370
6510615556690126245
10838310072981296745
7608434000728254870
10838310072981296745
7608434000728254870
10838310072981296745
7608434000728254870
6149008516228732245
6149008516228732245
6149008516228732245
6149008516228732245
6149008516228732245
6149008516228732245
18446462603027742720
18446462603027742720
18446462603027742720
18446462603027742720
18446462603027742720
18446462603027742720
1085350949055099120
1085350949055099120
1085350949055099120
1085350949055099120
1085350949055099120
1085350949055099120
0
18446744073709551615
0
18446744073709551615
0
18446744073709551615
7378753923620182425
7378753923620182425
7378753923620182425
7378753923620182425
7378753923620182425
7378753923620182425
