3732415145875590195
3732415145875590195
3732415145875590195
3732415145875590195
3732415145875590195
3732415145875590195
14106184687260844995
14106184687260844995
14106184687260844995
14106184687260844995
14106184687260844995
14106184687260844995
14106184689534581820
4340559384174969795
14106184689534581820
4340559384174969795
14106184689534581820
4340559384174969795
3732582714024604620
3732582714024604620
3732582714024604620
3732582714024604620
3732582714024604620
3732582714024604620
10851025925711500950
10851025925711500950
10851025925711500950
10851025925711500950
10851025925711500950
10851025925711500950
3689517699727897395
3689517699727897395
3689517699727897395
3689517699727897395
3689517699727897395
3689517699727897395
6148914691236517205
6148914691236517205
6148914691236517205
6148914691236517205
6148914691236517205
6148914691236517205
1148435428713435120
17298308644996116495
1148435428713435120
17298308644996116495
1148435428713435120
17298308644996116495
281474976645120
281474976645120
281474976645120
281474976645120
281474976645120
281474976645120
11936045732788001370
11936045732788001370
11936045732788001370
11936045732788001370
11936045732788001370
11936045732788001370
1085102592571150095
17361641481138401520
1085102592571150095
17361641481138401520
1085102592571150095
17361641481138401520
6531726502061057370
11915017571648494245
6531726502061057370
11915017571648494245
6531726502061057370
11915017571648494245
1148435432473620495
1148435432473620495
1148435432473620495
1148435432473620495
1148435432473620495
1148435432473620495
12297829381041378645
6148914692668172970
12297829381041378645
6148914692668172970
12297829381041378645
6148914692668172970
11914935431652334245
6531808642057217370
11914935431652334245
6531808642057217370
11914935431652334245
6531808642057217370
72056494543077120
72056494543077120
72056494543077120
72056494543077120
72056494543077120
72056494543077120
0
18446744073709551615
0
18446744073709551615
0
18446744073709551615
11068046444225730969
7378697629483820646
11068046444225730969
7378697629483820646
11068046444225730969
7378697629483820646
4378410071969971395
14068334001739580220
4378410071969971395
14068334001739580220
4378410071969971395
14068334001739580220
3689517699727897395
3689517699727897395
3689517699727897395
3689517699727897395
3689517699727897395
3689517699727897395
14106184687260844995
14106184687260844995
14106184687260844995
14106184687260844995
14106184687260844995
14106184687260844995
12273903644374837845
6172840429334713770
12273903644374837845
6172840429334713770
12273903644374837845
6172840429334713770
10850976254414711145
7595767819294840470
10850976254414711145
7595767819294840470
10850976254414711145
7595767819294840470
7608433999976240745
7608433999976240745
7608433999976240745
7608433999976240745
7608433999976240745
7608433999976240745
12297829381041378645
6148914692668172970
12297829381041378645
6148914692668172970
12297829381041378645
6148914692668172970
6531726500807662245
6531726500807662245
6531726500807662245
6531726500807662245
6531726500807662245
6531726500807662245
71777218556133120
71777218556133120
71777218556133120
71777218556133120
71777218556133120
71777218556133120
4340559384174969795
4340559384174969795
4340559384174969795
4340559384174969795
4340559384174969795
4340559384174969795
6510615556690126245
6510615556690126245
6510615556690126245
6510615556690126245
6510615556690126245
6510615556690126245
11914935431652334245
6531808642057217370
11914935431652334245
6531808642057217370
11914935431652334245
6531808642057217370
18374966859414961920
71777214294589695
18374966859414961920
71777214294589695
18374966859414961920
71777214294589695
7608384715226507670
10838359358483043945
7608384715226507670
10838359358483043945
7608384715226507670
10838359358483043945
72056494543077120
72056494543077120
72056494543077120
72056494543077120
72056494543077120
72056494543077120
18374687579166474495
72056494543077120
18374687579166474495
72056494543077120
18374687579166474495
72056494543077120
6510698340921550245
6510698340921550245
6510698340921550245
6510698340921550245
6510698340921550245
6510698340921550245
11067990149230401945
7378753924479149670
11067990149230401945
7378753924479149670
11067990149230401945
7378753924479149670
17298308641235931120
17298308641235931120
17298308641235931120
17298308641235931120
17298308641235931120
17298308641235931120
11067990149230401945
11067990149230401945
11067990149230401945
11067990149230401945
11067990149230401945
11067990149230401945
18374966859414961920
18374966859414961920
18374966859414961920
18374966859414961920
18374966859414961920
18374966859414961920
11936128517019425370
6510615556690126245
11936128517019425370
6510615556690126245
11936128517019425370
6510615556690126245
10838310072981296745
7608434000728254870
10838310072981296745
7608434000728254870
10838310072981296745
7608434000728254870
6149008516228732245
6149008516228732245
6149008516228732245
6149008516228732245
6149008516228732245
6149008516228732245
18446462603027742720
18446462603027742720
18446462603027742720
18446462603027742720
18446462603027742720
18446462603027742720
1085350949055099120
1085350949055099120
1085350949055099120
1085350949055099120
1085350949055099120
1085350949055099120
0
18446744073709551615
0
18446744073709551615
0
18446744073709551615
7378753923620182425
7378753923620182425
7378753923620182425
7378753923620182425
7378753923620182425
7378753923620182425
